[1] "0 0.2222 2.4444 1.5556 0.2222 0 2.4444 0.2222 2.4444 2.4444 0.1111 0 0.3333 0 0 0 0 0.5556 0.3333 0.1111 9.1111 2.4444 2.4444 1.5556 0.2222 0.6667 2.4444 0.2222 0.2222 0.2222 0 0 0.3333 2.4444 2.4444 0 0.3333 2.4444 0.3333 0.3333 0 1.5556 2.4444 2.4444 0.2222 9.1111 2.4444 2.4444 0.2222 0.2222"
[1] "0 0.2222 4.7778 1 0.2222 0 4.7778 0.2222 4.7778 4.7778 0 0 1.2222 0 0 0 0 0.1111 1.2222 0 11 4.7778 4.7778 1 0.2222 0 4.7778 0.2222 0.2222 0.2222 0 0 0.1111 4.7778 4.7778 0 0.1111 4.7778 0.1111 0.1111 0 1 4.7778 4.7778 0.2222 11 4.7778 4.7778 0.2222 0.2222"
[1] "0 0 9.4444 0.3333 0 0 9.4444 0 9.4444 9.4444 0 0 0.2222 0 0 0 0 0 0.2222 0 11 9.4444 9.4444 0.3333 0 0.1111 9.4444 0 0 0 0 0 0 9.4444 9.4444 0 0 9.4444 0 0 0 0.3333 9.4444 9.4444 0 11 9.4444 9.4444 0 0"
[1] "0 0 10.6667 0 0 0 10.6667 0 10.6667 10.6667 0 0 0.1111 0 0 0 0 0 0.1111 0 11.1111 10.6667 10.6667 0 0 0 10.6667 0 0 0 0 0 0 10.6667 10.6667 0 0 10.6667 0 0 0 0 10.6667 10.6667 0 11.1111 10.6667 10.6667 0 0"
[1] "0 0 11.1111 0 0 0 11.1111 0 11.1111 11.1111 0 0 0 0 0 0 0 0 0 0 11.1111 11.1111 11.1111 0 0 0 11.1111 0 0 0 0 0 0 11.1111 11.1111 0 0 11.1111 0 0 0 0 11.1111 11.1111 0 11.1111 11.1111 11.1111 0 0"
[1] "0.2222 0.3333 2 0.7778 0.3333 0.2222 2 0.3333 2 2 0.1111 0 1.1111 0 0 0 0 0.4444 1.1111 0.1111 5.5556 2 2 0.7778 0.3333 0.2222 2 0.3333 0.3333 0.3333 0.1667 0.0556 0.6667 2 2 0.4444 0.6667 2 0.6667 0.6667 0.2222 0.7778 2 2 0.3333 5.5556 2 2 0.3333 0.3333"
[1] "0.1111 0.1111 5.2222 1.3333 0.1111 0.1111 5.2222 0.1111 5.2222 5.2222 0.1111 0 0.5556 0 0 0 0 0.2222 0.5556 0.1111 7 5.2222 5.2222 1.3333 0.1111 0.1111 5.2222 0.1111 0.1111 0.1111 0.1111 0 0.2222 5.2222 5.2222 0.5556 0.2222 5.2222 0.2222 0.2222 0.1111 1.3333 5.2222 5.2222 0.1111 7 5.2222 5.2222 0.1111 0.1111"
[1] "0.1111 0 8.2222 0.3333 0 0.1111 8.2222 0 8.2222 8.2222 0.2222 0 0.8889 0 0 0 0 0 0.8889 0 5.7778 8.2222 8.2222 0.3333 0 0.2222 8.2222 0 0 0 0.2222 0 0.2222 8.2222 8.2222 0.6667 0.2222 8.2222 0.2222 0.2222 0.1111 0.3333 8.2222 8.2222 0 5.7778 8.2222 8.2222 0 0"
[1] "0.1111 0 9.4444 0.1111 0 0.1111 9.4444 0 9.4444 9.4444 0.2222 0 0.1111 0 0 0 0 0 0.1111 0 6.3333 9.4444 9.4444 0.1111 0 0.1111 9.4444 0 0 0 0 0.1111 0.2222 9.4444 9.4444 0.5556 0.2222 9.4444 0.2222 0.2222 0.1111 0.1111 9.4444 9.4444 0 6.3333 9.4444 9.4444 0 0"
[1] "0 0 9.7778 0 0 0 9.7778 0 9.7778 9.7778 0 0 0 0 0 0 0 0 0 0.1111 5.7778 9.7778 9.7778 0 0 0.1111 9.7778 0 0 0 0.2222 0 0.2222 9.7778 9.7778 0.5556 0.2222 9.7778 0.2222 0.2222 0 0 9.7778 9.7778 0 5.7778 9.7778 9.7778 0 0"
[1] "0.1111 0.4444 2.6667 0.5556 0.4444 0.1111 2.6667 0.4444 2.6667 2.6667 0.4444 0 1.1111 0 0 0 0 0.6667 1.1111 0.2222 4 2.6667 2.6667 0.5556 0.4444 0.5556 2.6667 0.4444 0.4444 0.4444 0.2778 0 0.4444 2.6667 2.6667 0.6667 0.4444 2.6667 0.4444 0.4444 0.1111 0.5556 2.6667 2.6667 0.4444 4 2.6667 2.6667 0.4444 0.4444"
[1] "0.1111 0.1111 4 1.4444 0.1111 0.1111 4 0.1111 4 4 0 0 0.7778 0 0 0 0 0.2222 0.7778 0.1111 4 4 4 1.4444 0.1111 0.3333 4 0.1111 0.1111 0.1111 0.2778 0.1111 0.5556 4 4 0.6667 0.5556 4 0.5556 0.5556 0.1111 1.4444 4 4 0.1111 4 4 4 0.1111 0.1111"
[1] "0.2222 0 6.5556 0.4444 0 0.2222 6.5556 0 6.5556 6.5556 0.3333 0 0.8889 0 0 0 0 0 0.8889 0.1111 3.5556 6.5556 6.5556 0.4444 0 0.3333 6.5556 0 0 0 0.0556 0.1111 0.2222 6.5556 6.5556 0.8889 0.2222 6.5556 0.2222 0.2222 0.2222 0.4444 6.5556 6.5556 0 3.5556 6.5556 6.5556 0 0"
[1] "0 0 7.5556 0.3333 0 0 7.5556 0 7.5556 7.5556 0.4444 0 0.3333 0 0 0.0278 0 0 0.3333 0.1111 3.6667 7.5556 7.5556 0.3333 0 0.2222 7.5556 0 0 0 0.2222 0.1667 0.5556 7.5556 7.5556 0.5556 0.5556 7.5556 0.5556 0.5556 0 0.3333 7.5556 7.5556 0 3.6667 7.5556 7.5556 0 0"
[1] "0 0 8.2222 0.2222 0 0 8.2222 0 8.2222 8.2222 0.2222 0 0.1111 0 0 0 0 0 0.1111 0.1111 3.4444 8.2222 8.2222 0.2222 0 0.5556 8.2222 0 0 0 0.1667 0 0.5556 8.2222 8.2222 0.4444 0.5556 8.2222 0.5556 0.5556 0 0.2222 8.2222 8.2222 0 3.4444 8.2222 8.2222 0 0"
[1] "0.3333 0 2.3333 1 0 0.3333 2.3333 0 2.3333 2.3333 0.2222 0 0.6667 0.0556 0 0 0 0.4444 0.6667 0 2 2.3333 2.3333 1 0 0 2.3333 0 0 0 0.2222 0 0.4444 2.3333 2.3333 1.1111 0.4444 2.3333 0.4444 0.4444 0.3333 1 2.3333 2.3333 0 2 2.3333 2.3333 0 0"
[1] "0.1111 0 3.6667 0.7778 0 0.1111 3.6667 0 3.6667 3.6667 0.2222 0 0.5556 0 0 0 0 0.2222 0.5556 0.2222 1.2222 3.6667 3.6667 0.7778 0 0.4444 3.6667 0 0 0 0.2222 0.1111 0.2222 3.6667 3.6667 0.5556 0.2222 3.6667 0.2222 0.2222 0.1111 0.7778 3.6667 3.6667 0 1.2222 3.6667 3.6667 0 0"
[1] "0 0.1111 5.1111 0.3333 0.1111 0 5.1111 0.1111 5.1111 5.1111 0.3333 0 0.1111 0 0 0 0 0.1111 0.1111 0 1.8889 5.1111 5.1111 0.3333 0.1111 0.2222 5.1111 0.1111 0.1111 0.1111 0.1111 0.2222 0.6667 5.1111 5.1111 1.1111 0.6667 5.1111 0.6667 0.6667 0 0.3333 5.1111 5.1111 0.1111 1.8889 5.1111 5.1111 0.1111 0.1111"
[1] "0.2222 0 5.3333 0.1111 0 0.2222 5.3333 0 5.3333 5.3333 0.2222 0 0.2222 0 0 0.0556 0 0 0.2222 0 2 5.3333 5.3333 0.1111 0 0.7778 5.3333 0 0 0 0.1111 0.1667 0.7778 5.3333 5.3333 0.5556 0.7778 5.3333 0.7778 0.7778 0.2222 0.1111 5.3333 5.3333 0 2 5.3333 5.3333 0 0"
[1] "0 0 5.7778 0.3333 0 0 5.7778 0 5.7778 5.7778 0.4444 0 0.5556 0 0 0 0 0 0.5556 0 1.1111 5.7778 5.7778 0.3333 0 0.3333 5.7778 0 0 0 0.1111 0.2222 0.4444 5.7778 5.7778 1 0.4444 5.7778 0.4444 0.4444 0 0.3333 5.7778 5.7778 0 1.1111 5.7778 5.7778 0 0"
[1] "0.6667 0.2222 2 0.6667 0.2222 0.6667 2 0.2222 2 2 0.7778 0.0278 0.5556 0 0.0278 0.0833 0 0.2222 0.5556 0.2222 0.4444 2 2 0.6667 0.2222 0.2222 2 0.2222 0.2222 0.2222 0.2778 0.0556 0.2222 2 2 0.4444 0.2222 2 0.2222 0.2222 0.6667 0.6667 2 2 0.2222 0.4444 2 2 0.2222 0.2222"
[1] "0.2222 0.4444 3.2222 0.5556 0.4444 0.2222 3.2222 0.4444 3.2222 3.2222 0.2222 0 0.3333 0 0 0.0278 0 0.2222 0.3333 0 0.7778 3.2222 3.2222 0.5556 0.4444 0.4444 3.2222 0.4444 0.4444 0.4444 0.2222 0.1111 0.6667 3.2222 3.2222 0.3333 0.6667 3.2222 0.6667 0.6667 0.2222 0.5556 3.2222 3.2222 0.4444 0.7778 3.2222 3.2222 0.4444 0.4444"
[1] "0.3333 0.4444 3.3333 0.2222 0.4444 0.3333 3.3333 0.4444 3.3333 3.3333 0.2222 0 0.2222 0 0 0.0556 0 0.2222 0.2222 0.1111 1 3.3333 3.3333 0.2222 0.4444 0.2222 3.3333 0.4444 0.4444 0.4444 0.1111 0.3889 0.4444 3.3333 3.3333 0.5556 0.4444 3.3333 0.4444 0.4444 0.3333 0.2222 3.3333 3.3333 0.4444 1 3.3333 3.3333 0.4444 0.4444"
[1] "0.4444 0.2222 3.2222 0 0.2222 0.4444 3.2222 0.2222 3.2222 3.2222 0.2222 0 0.2222 0.0556 0 0.0278 0 0.3333 0.2222 0.2222 0.8889 3.2222 3.2222 0 0.2222 0.3333 3.2222 0.2222 0.2222 0.2222 0.1111 0.2778 0.7778 3.2222 3.2222 0.3333 0.7778 3.2222 0.7778 0.7778 0.4444 0 3.2222 3.2222 0.2222 0.8889 3.2222 3.2222 0.2222 0.2222"
[1] "0.1111 0 3 0.3333 0 0.1111 3 0 3 3 0.5556 0 0.3333 0.0556 0 0.0278 0 0 0.3333 0 1 3 3 0.3333 0 0.1111 3 0 0 0 0.1111 0.1111 1.1111 3 3 0.5556 1.1111 3 1.1111 1.1111 0.1111 0.3333 3 3 0 1 3 3 0 0"
[1] "0.2222 0.5556 1.6667 0.4444 0.5556 0.2222 1.6667 0.5556 1.6667 1.6667 0 0.0556 0.3333 0.0556 0.0556 0.0278 0.0556 0.5556 0.3333 0 0.6667 1.6667 1.6667 0.4444 0.5556 0.2222 1.6667 0.5556 0.5556 0.5556 0.1111 0.0556 0.4444 1.6667 1.6667 0 0.4444 1.6667 0.4444 0.4444 0.2222 0.4444 1.6667 1.6667 0.5556 0.6667 1.6667 1.6667 0.5556 0.5556"
[1] "0.2222 0.2222 0.8889 0.3333 0.2222 0.2222 0.8889 0.2222 0.8889 0.8889 0.1111 0.0556 0.3333 0.0556 0.0556 0.0278 0.0556 0.4444 0.3333 0.2222 0.3333 0.8889 0.8889 0.3333 0.2222 0.2222 0.8889 0.2222 0.2222 0.2222 0.0556 0.1667 0.8889 0.8889 0.8889 0.3333 0.8889 0.8889 0.8889 0.8889 0.2222 0.3333 0.8889 0.8889 0.2222 0.3333 0.8889 0.8889 0.2222 0.2222"
[1] "0.3333 0.3333 2.1111 0.2222 0.3333 0.3333 2.1111 0.3333 2.1111 2.1111 0.2222 0 0.4444 0.0556 0 0.1389 0 0.2222 0.4444 0 0.3333 2.1111 2.1111 0.2222 0.3333 0.1111 2.1111 0.3333 0.3333 0.3333 0.3333 0.1667 0.5556 2.1111 2.1111 0.7778 0.5556 2.1111 0.5556 0.5556 0.3333 0.2222 2.1111 2.1111 0.3333 0.3333 2.1111 2.1111 0.3333 0.3333"
[1] "0.3333 0.3333 1.6667 0.2222 0.3333 0.3333 1.6667 0.3333 1.6667 1.6667 0 0 0.3333 0.0556 0 0 0 0.3333 0.3333 0.1111 0 1.6667 1.6667 0.2222 0.3333 0.5556 1.6667 0.3333 0.3333 0.3333 0.0556 0.1111 1.1111 1.6667 1.6667 0.3333 1.1111 1.6667 1.1111 1.1111 0.3333 0.2222 1.6667 1.6667 0.3333 0 1.6667 1.6667 0.3333 0.3333"
[1] "0.5556 0.1111 2 0.2222 0.1111 0.5556 2 0.1111 2 2 0.3333 0 0.7778 0 0 0.0278 0 0.2222 0.7778 0.2222 0.4444 2 2 0.2222 0.1111 0.2222 2 0.1111 0.1111 0.1111 0.1667 0.1111 0.6667 2 2 0.5556 0.6667 2 0.6667 0.6667 0.5556 0.2222 2 2 0.1111 0.4444 2 2 0.1111 0.1111"
[1] "0.5556 0.3333 2.1111 1 0.3333 0.5556 2.1111 0.3333 2.1111 2.1111 0 0 0.8889 0 0 0 0 0.5556 0.8889 0.1111 5.7778 2.1111 2.1111 1 0.3333 1 2.1111 0.3333 0.3333 0.3333 0.0556 0.0556 0.3333 2.1111 2.1111 0 0.3333 2.1111 0.3333 0.3333 0.5556 1 2.1111 2.1111 0.3333 5.7778 2.1111 2.1111 0.3333 0.3333"
[1] "0.3333 0.2222 4.8889 0.2222 0.2222 0.3333 4.8889 0.2222 4.8889 4.8889 0.1111 0 1 0 0 0 0 0.1111 1 0.4444 6.4444 4.8889 4.8889 0.2222 0.2222 0.8889 4.8889 0.2222 0.2222 0.2222 0 0 0 4.8889 4.8889 0.1111 0 4.8889 0 0 0.3333 0.2222 4.8889 4.8889 0.2222 6.4444 4.8889 4.8889 0.2222 0.2222"
[1] "0.6667 0.1111 8 0.8889 0.1111 0.6667 8 0.1111 8 8 0.1111 0 0.8889 0 0 0 0 0.1111 0.8889 0.3333 5.3333 8 8 0.8889 0.1111 1.2222 8 0.1111 0.1111 0.1111 0 0 0 8 8 0 0 8 0 0 0.6667 0.8889 8 8 0.1111 5.3333 8 8 0.1111 0.1111"
[1] "0.5556 0 9.4444 0.4444 0 0.5556 9.4444 0 9.4444 9.4444 0.1111 0 0.5556 0 0 0 0 0 0.5556 0.2222 6.2222 9.4444 9.4444 0.4444 0 1.1111 9.4444 0 0 0 0 0 0 9.4444 9.4444 0.1111 0 9.4444 0 0 0.5556 0.4444 9.4444 9.4444 0 6.2222 9.4444 9.4444 0 0"
[1] "0.5556 0.4444 9.3333 0.3333 0.4444 0.5556 9.3333 0.4444 9.3333 9.3333 0 0 0.4444 0 0 0 0 0 0.4444 0 6.6667 9.3333 9.3333 0.3333 0.4444 1.1111 9.3333 0.4444 0.4444 0.4444 0 0 0 9.3333 9.3333 0 0 9.3333 0 0 0.5556 0.3333 9.3333 9.3333 0.4444 6.6667 9.3333 9.3333 0.4444 0.4444"
[1] "0.5556 0.1111 2.7778 0.7778 0.1111 0.5556 2.7778 0.1111 2.7778 2.7778 0 0 1.3333 0.0556 0 0 0 0.4444 1.3333 0.2222 3.7778 2.7778 2.7778 0.7778 0.1111 1.2222 2.7778 0.1111 0.1111 0.1111 0 0.0556 0.4444 2.7778 2.7778 0.2222 0.4444 2.7778 0.4444 0.4444 0.5556 0.7778 2.7778 2.7778 0.1111 3.7778 2.7778 2.7778 0.1111 0.1111"
[1] "1.1111 0.2222 4.1111 1 0.2222 1.1111 4.1111 0.2222 4.1111 4.1111 0 0 1.4444 0 0 0 0 0.4444 1.4444 0.4444 3.7778 4.1111 4.1111 1 0.2222 1 4.1111 0.2222 0.2222 0.2222 0 0 0.1111 4.1111 4.1111 0.1111 0.1111 4.1111 0.1111 0.1111 1.1111 1 4.1111 4.1111 0.2222 3.7778 4.1111 4.1111 0.2222 0.2222"
[1] "0.7778 0.3333 7 1 0.3333 0.7778 7 0.3333 7 7 0.1111 0 0.7778 0 0 0 0 0.1111 0.7778 0.3333 4.4444 7 7 1 0.3333 0.8889 7 0.3333 0.3333 0.3333 0 0 0 7 7 0 0 7 0 0 0.7778 1 7 7 0.3333 4.4444 7 7 0.3333 0.3333"
[1] "0.4444 0.1111 8.3333 0.5556 0.1111 0.4444 8.3333 0.1111 8.3333 8.3333 0.1111 0 0.5556 0 0 0.0556 0 0 0.5556 0.3333 4 8.3333 8.3333 0.5556 0.1111 0.7778 8.3333 0.1111 0.1111 0.1111 0 0 0 8.3333 8.3333 0 0 8.3333 0 0 0.4444 0.5556 8.3333 8.3333 0.1111 4 8.3333 8.3333 0.1111 0.1111"
[1] "1.1111 0.4444 7.6667 0.5556 0.4444 1.1111 7.6667 0.4444 7.6667 7.6667 0.2222 0 0.6667 0.0556 0 0 0 0 0.6667 0.4444 4.2222 7.6667 7.6667 0.5556 0.4444 1.5556 7.6667 0.4444 0.4444 0.4444 0 0 0 7.6667 7.6667 0.1111 0 7.6667 0 0 1.1111 0.5556 7.6667 7.6667 0.4444 4.2222 7.6667 7.6667 0.4444 0.4444"
[1] "1 0.5556 2.2222 0.5556 0.5556 1 2.2222 0.5556 2.2222 2.2222 0.1111 0 1.2222 0 0 0.0556 0 0.3333 1.2222 0.4444 2 2.2222 2.2222 0.5556 0.5556 0.8889 2.2222 0.5556 0.5556 0.5556 0.1111 0 0.3333 2.2222 2.2222 0.2222 0.3333 2.2222 0.3333 0.3333 1 0.5556 2.2222 2.2222 0.5556 2 2.2222 2.2222 0.5556 0.5556"
[1] "0.7778 0.2222 3.5556 1.3333 0.2222 0.7778 3.5556 0.2222 3.5556 3.5556 0 0 1.1111 0 0 0 0.0556 0.1111 1.1111 0.4444 2.1111 3.5556 3.5556 1.3333 0.2222 1.2222 3.5556 0.2222 0.2222 0.2222 0.0556 0 0.1111 3.5556 3.5556 0.2222 0.1111 3.5556 0.1111 0.1111 0.7778 1.3333 3.5556 3.5556 0.2222 2.1111 3.5556 3.5556 0.2222 0.2222"
[1] "1.2222 0.3333 4.5556 1.2222 0.3333 1.2222 4.5556 0.3333 4.5556 4.5556 0 0.0278 0.6667 0 0.0278 0.0278 0.0556 0.1111 0.6667 0.5556 1.4444 4.5556 4.5556 1.2222 0.3333 0.6667 4.5556 0.3333 0.3333 0.3333 0 0 0.1111 4.5556 4.5556 0.2222 0.1111 4.5556 0.1111 0.1111 1.2222 1.2222 4.5556 4.5556 0.3333 1.4444 4.5556 4.5556 0.3333 0.3333"
[1] "0.7778 1 5.5556 1.2222 1 0.7778 5.5556 1 5.5556 5.5556 0.2222 0 1 0 0 0 0 0.1111 1 0.1111 2.7778 5.5556 5.5556 1.2222 1 1.1111 5.5556 1 1 1 0 0 0 5.5556 5.5556 0 0 5.5556 0 0 0.7778 1.2222 5.5556 5.5556 1 2.7778 5.5556 5.5556 1 1"
[1] "0.5556 0.6667 5.1111 1.3333 0.6667 0.5556 5.1111 0.6667 5.1111 5.1111 0.1111 0.0556 0.6667 0 0.0556 0.0833 0 0.2222 0.6667 0.4444 1.7778 5.1111 5.1111 1.3333 0.6667 0.7778 5.1111 0.6667 0.6667 0.6667 0 0 0 5.1111 5.1111 0.2222 0 5.1111 0 0 0.5556 1.3333 5.1111 5.1111 0.6667 1.7778 5.1111 5.1111 0.6667 0.6667"
[1] "0.6667 0.4444 1.7778 0.7778 0.4444 0.6667 1.7778 0.4444 1.7778 1.7778 0.2222 0.0278 0.6667 0 0.0278 0 0.0556 0.5556 0.6667 0.2222 0.4444 1.7778 1.7778 0.7778 0.4444 0.7778 1.7778 0.4444 0.4444 0.4444 0.1111 0 0.2222 1.7778 1.7778 0.5556 0.2222 1.7778 0.2222 0.2222 0.6667 0.7778 1.7778 1.7778 0.4444 0.4444 1.7778 1.7778 0.4444 0.4444"
[1] "0.1111 0.3333 3.3333 1.1111 0.3333 0.1111 3.3333 0.3333 3.3333 3.3333 0.1111 0.0278 1.4444 0.0556 0.0278 0.0556 0.0556 0.2222 1.4444 0.3333 0.5556 3.3333 3.3333 1.1111 0.3333 0.6667 3.3333 0.3333 0.3333 0.3333 0.0556 0 0.3333 3.3333 3.3333 0.2222 0.3333 3.3333 0.3333 0.3333 0.1111 1.1111 3.3333 3.3333 0.3333 0.5556 3.3333 3.3333 0.3333 0.3333"
[1] "0.4444 0.8889 2.8889 1.4444 0.8889 0.4444 2.8889 0.8889 2.8889 2.8889 0.1111 0.0556 0.7778 0 0.0556 0 0 0.1111 0.7778 0.4444 1.1111 2.8889 2.8889 1.4444 0.8889 1 2.8889 0.8889 0.8889 0.8889 0 0.0556 0.5556 2.8889 2.8889 0 0.5556 2.8889 0.5556 0.5556 0.4444 1.4444 2.8889 2.8889 0.8889 1.1111 2.8889 2.8889 0.8889 0.8889"
[1] "0.5556 0.8889 2.6667 1.7778 0.8889 0.5556 2.6667 0.8889 2.6667 2.6667 0.2222 0 0.8889 0.0556 0 0.0556 0 0.1111 0.8889 0.3333 0.2222 2.6667 2.6667 1.7778 0.8889 0.7778 2.6667 0.8889 0.8889 0.8889 0.0556 0 0.1111 2.6667 2.6667 0.2222 0.1111 2.6667 0.1111 0.1111 0.5556 1.7778 2.6667 2.6667 0.8889 0.2222 2.6667 2.6667 0.8889 0.8889"
[1] "0.5556 0.4444 3.5556 0.7778 0.4444 0.5556 3.5556 0.4444 3.5556 3.5556 0 0 1.6667 0.0556 0 0.0833 0.1111 0 1.6667 0.5556 1.2222 3.5556 3.5556 0.7778 0.4444 0.6667 3.5556 0.4444 0.4444 0.4444 0.1111 0 0 3.5556 3.5556 0.4444 0 3.5556 0 0 0.5556 0.7778 3.5556 3.5556 0.4444 1.2222 3.5556 3.5556 0.4444 0.4444"
[1] "0.4444 0.1111 1.1111 0.7778 0.1111 0.4444 1.1111 0.1111 1.1111 1.1111 0.1111 0.0278 0.7778 0.1111 0.0278 0.0833 0.0556 0.3333 0.7778 0.3333 0.4444 1.1111 1.1111 0.7778 0.1111 0.3333 1.1111 0.1111 0.1111 0.1111 0.0556 0 0.8889 1.1111 1.1111 0.4444 0.8889 1.1111 0.8889 0.8889 0.4444 0.7778 1.1111 1.1111 0.1111 0.4444 1.1111 1.1111 0.1111 0.1111"
[1] "0.2222 0.6667 1 1.5556 0.6667 0.2222 1 0.6667 1 1 0.2222 0 0.7778 0.0556 0 0.1667 0.1111 0.4444 0.7778 0.1111 0.5556 1 1 1.5556 0.6667 0.5556 1 0.6667 0.6667 0.6667 0.1667 0 0 1 1 0.2222 0 1 0 0 0.2222 1.5556 1 1 0.6667 0.5556 1 1 0.6667 0.6667"
[1] "0.2222 0.8889 1.1111 1.2222 0.8889 0.2222 1.1111 0.8889 1.1111 1.1111 0.1111 0.0278 1.3333 0 0.0278 0.1667 0.1667 0.1111 1.3333 0.4444 0.3333 1.1111 1.1111 1.2222 0.8889 0.4444 1.1111 0.8889 0.8889 0.8889 0 0 0.3333 1.1111 1.1111 0.2222 0.3333 1.1111 0.3333 0.3333 0.2222 1.2222 1.1111 1.1111 0.8889 0.3333 1.1111 1.1111 0.8889 0.8889"
[1] "0.4444 0.3333 1.3333 1.2222 0.3333 0.4444 1.3333 0.3333 1.3333 1.3333 0.2222 0.0278 1.1111 0.0556 0.0278 0.0833 0.1111 0.3333 1.1111 0.6667 0.4444 1.3333 1.3333 1.2222 0.3333 0.5556 1.3333 0.3333 0.3333 0.3333 0 0.1667 0.2222 1.3333 1.3333 1 0.2222 1.3333 0.2222 0.2222 0.4444 1.2222 1.3333 1.3333 0.3333 0.4444 1.3333 1.3333 0.3333 0.3333"
[1] "0.3333 1 1.8889 0.4444 1 0.3333 1.8889 1 1.8889 1.8889 0.1111 0 0.6667 0 0 0.0833 0.1111 0.4444 0.6667 0.3333 0.6667 1.8889 1.8889 0.4444 1 0.2222 1.8889 1 1 1 0.2222 0.0556 0.3333 1.8889 1.8889 0.3333 0.3333 1.8889 0.3333 0.3333 0.3333 0.4444 1.8889 1.8889 1 0.6667 1.8889 1.8889 1 1"
[1] "0.3333 0.1111 1.5556 0.7778 0.1111 0.3333 1.5556 0.1111 1.5556 1.5556 0.1111 0 1.4444 0 0 0 0.0556 0.4444 1.4444 0.2222 4 1.5556 1.5556 0.7778 0.1111 1.3333 1.5556 0.1111 0.1111 0.1111 0.1111 0.0556 0.1111 1.5556 1.5556 0.3333 0.1111 1.5556 0.1111 0.1111 0.3333 0.7778 1.5556 1.5556 0.1111 4 1.5556 1.5556 0.1111 0.1111"
[1] "1 0.4444 5.7778 0.5556 0.4444 1 5.7778 0.4444 5.7778 5.7778 0.3333 0 1.2222 0 0 0 0 0.3333 1.2222 0.3333 4.5556 5.7778 5.7778 0.5556 0.4444 0.2222 5.7778 0.4444 0.4444 0.4444 0.1667 0 0.1111 5.7778 5.7778 0.3333 0.1111 5.7778 0.1111 0.1111 1 0.5556 5.7778 5.7778 0.4444 4.5556 5.7778 5.7778 0.4444 0.4444"
[1] "0.4444 0.1111 7.4444 0.4444 0.1111 0.4444 7.4444 0.1111 7.4444 7.4444 0.2222 0 0.4444 0 0 0 0.0556 0.1111 0.4444 0.2222 3.6667 7.4444 7.4444 0.4444 0.1111 0.5556 7.4444 0.1111 0.1111 0.1111 0.1111 0.0556 0 7.4444 7.4444 0.4444 0 7.4444 0 0 0.4444 0.4444 7.4444 7.4444 0.1111 3.6667 7.4444 7.4444 0.1111 0.1111"
[1] "0.2222 0.1111 8.3333 0.3333 0.1111 0.2222 8.3333 0.1111 8.3333 8.3333 0.1111 0 0.4444 0 0 0 0 0.1111 0.4444 0.2222 4.5556 8.3333 8.3333 0.3333 0.1111 0.1111 8.3333 0.1111 0.1111 0.1111 0.0556 0 0.2222 8.3333 8.3333 0.4444 0.2222 8.3333 0.2222 0.2222 0.2222 0.3333 8.3333 8.3333 0.1111 4.5556 8.3333 8.3333 0.1111 0.1111"
[1] "0.5556 0.3333 7.8889 0.2222 0.3333 0.5556 7.8889 0.3333 7.8889 7.8889 0.3333 0 0.2222 0 0 0 0 0.1111 0.2222 0.1111 3.5556 7.8889 7.8889 0.2222 0.3333 1.3333 7.8889 0.3333 0.3333 0.3333 0.0556 0.0556 0.3333 7.8889 7.8889 0.3333 0.3333 7.8889 0.3333 0.3333 0.5556 0.2222 7.8889 7.8889 0.3333 3.5556 7.8889 7.8889 0.3333 0.3333"
[1] "0.2222 0.3333 1.6667 0.6667 0.3333 0.2222 1.6667 0.3333 1.6667 1.6667 0.5556 0 1 0.1111 0 0.0278 0.0556 0.6667 1 0.2222 2 1.6667 1.6667 0.6667 0.3333 0.8889 1.6667 0.3333 0.3333 0.3333 0.2222 0 0.6667 1.6667 1.6667 0.2222 0.6667 1.6667 0.6667 0.6667 0.2222 0.6667 1.6667 1.6667 0.3333 2 1.6667 1.6667 0.3333 0.3333"
[1] "0.3333 0.1111 4.5556 0.5556 0.1111 0.3333 4.5556 0.1111 4.5556 4.5556 0.2222 0 1.1111 0 0 0 0 0.4444 1.1111 0.1111 2.1111 4.5556 4.5556 0.5556 0.1111 0.6667 4.5556 0.1111 0.1111 0.1111 0.1111 0 0.2222 4.5556 4.5556 0.2222 0.2222 4.5556 0.2222 0.2222 0.3333 0.5556 4.5556 4.5556 0.1111 2.1111 4.5556 4.5556 0.1111 0.1111"
[1] "0.5556 0.3333 5.3333 1.1111 0.3333 0.5556 5.3333 0.3333 5.3333 5.3333 0.2222 0 0.6667 0 0 0.0278 0 0.4444 0.6667 0 1.8889 5.3333 5.3333 1.1111 0.3333 0.4444 5.3333 0.3333 0.3333 0.3333 0.0556 0.0556 0.3333 5.3333 5.3333 0.2222 0.3333 5.3333 0.3333 0.3333 0.5556 1.1111 5.3333 5.3333 0.3333 1.8889 5.3333 5.3333 0.3333 0.3333"
[1] "0.2222 0.4444 6.8889 0.7778 0.4444 0.2222 6.8889 0.4444 6.8889 6.8889 0.3333 0 0.2222 0 0 0 0 0 0.2222 0 2 6.8889 6.8889 0.7778 0.4444 0.2222 6.8889 0.4444 0.4444 0.4444 0.2778 0 0.4444 6.8889 6.8889 0.4444 0.4444 6.8889 0.4444 0.4444 0.2222 0.7778 6.8889 6.8889 0.4444 2 6.8889 6.8889 0.4444 0.4444"
[1] "0.2222 0.3333 7.3333 0.3333 0.3333 0.2222 7.3333 0.3333 7.3333 7.3333 0.3333 0 0.1111 0 0 0.0278 0 0.1111 0.1111 0.1111 1.8889 7.3333 7.3333 0.3333 0.3333 1 7.3333 0.3333 0.3333 0.3333 0.0556 0.0556 0.1111 7.3333 7.3333 0.3333 0.1111 7.3333 0.1111 0.1111 0.2222 0.3333 7.3333 7.3333 0.3333 1.8889 7.3333 7.3333 0.3333 0.3333"
[1] "0.4444 0.4444 2 0.6667 0.4444 0.4444 2 0.4444 2 2 0.2222 0.0278 1 0 0.0278 0.1111 0.0556 0.4444 1 0.5556 0.7778 2 2 0.6667 0.4444 0.3333 2 0.4444 0.4444 0.4444 0.2778 0.0556 0.5556 2 2 0.4444 0.5556 2 0.5556 0.5556 0.4444 0.6667 2 2 0.4444 0.7778 2 2 0.4444 0.4444"
[1] "1 0.6667 2.6667 1.2222 0.6667 1 2.6667 0.6667 2.6667 2.6667 0 0.0278 0.8889 0 0.0278 0.0556 0 0.5556 0.8889 0 0.6667 2.6667 2.6667 1.2222 0.6667 0.7778 2.6667 0.6667 0.6667 0.6667 0.1111 0.1111 0.7778 2.6667 2.6667 0.8889 0.7778 2.6667 0.7778 0.7778 1 1.2222 2.6667 2.6667 0.6667 0.6667 2.6667 2.6667 0.6667 0.6667"
[1] "0.4444 0.2222 3.5556 1.1111 0.2222 0.4444 3.5556 0.2222 3.5556 3.5556 0.1111 0.0278 0.7778 0 0.0278 0.0278 0.0556 0.3333 0.7778 0.3333 1.1111 3.5556 3.5556 1.1111 0.2222 0.7778 3.5556 0.2222 0.2222 0.2222 0.0556 0.2778 0.4444 3.5556 3.5556 0.6667 0.4444 3.5556 0.4444 0.4444 0.4444 1.1111 3.5556 3.5556 0.2222 1.1111 3.5556 3.5556 0.2222 0.2222"
[1] "0.7778 0.2222 4.7778 0.5556 0.2222 0.7778 4.7778 0.2222 4.7778 4.7778 0.2222 0 0.3333 0.0556 0 0.0556 0 0.1111 0.3333 0 1.2222 4.7778 4.7778 0.5556 0.2222 0.8889 4.7778 0.2222 0.2222 0.2222 0.2222 0.1111 0.5556 4.7778 4.7778 0.1111 0.5556 4.7778 0.5556 0.5556 0.7778 0.5556 4.7778 4.7778 0.2222 1.2222 4.7778 4.7778 0.2222 0.2222"
[1] "0.4444 0.2222 4 0.5556 0.2222 0.4444 4 0.2222 4 4 0.3333 0.0278 0.5556 0 0.0278 0 0 0.2222 0.5556 0.3333 1.1111 4 4 0.5556 0.2222 0.7778 4 0.2222 0.2222 0.2222 0 0.1111 0.3333 4 4 0.5556 0.3333 4 0.3333 0.3333 0.4444 0.5556 4 4 0.2222 1.1111 4 4 0.2222 0.2222"
[1] "0.3333 0.3333 1.3333 0.4444 0.3333 0.3333 1.3333 0.3333 1.3333 1.3333 0.2222 0.1111 0.6667 0.1111 0.1111 0.0556 0 0.6667 0.6667 0.3333 0.4444 1.3333 1.3333 0.4444 0.3333 0.1111 1.3333 0.3333 0.3333 0.3333 0.1111 0 0.3333 1.3333 1.3333 0.3333 0.3333 1.3333 0.3333 0.3333 0.3333 0.4444 1.3333 1.3333 0.3333 0.4444 1.3333 1.3333 0.3333 0.3333"
[1] "0.4444 0.5556 1.7778 0.7778 0.5556 0.4444 1.7778 0.5556 1.7778 1.7778 0.6667 0.0278 0.5556 0 0.0278 0.0278 0.1111 0.2222 0.5556 0.4444 0.8889 1.7778 1.7778 0.7778 0.5556 0 1.7778 0.5556 0.5556 0.5556 0.0556 0.1667 0.3333 1.7778 1.7778 0.5556 0.3333 1.7778 0.3333 0.3333 0.4444 0.7778 1.7778 1.7778 0.5556 0.8889 1.7778 1.7778 0.5556 0.5556"
[1] "0.5556 0.4444 1.1111 0.5556 0.4444 0.5556 1.1111 0.4444 1.1111 1.1111 0.2222 0 0.8889 0 0 0.1944 0 0.3333 0.8889 0.3333 0.5556 1.1111 1.1111 0.5556 0.4444 0.6667 1.1111 0.4444 0.4444 0.4444 0 0.2222 1.1111 1.1111 1.1111 0.3333 1.1111 1.1111 1.1111 1.1111 0.5556 0.5556 1.1111 1.1111 0.4444 0.5556 1.1111 1.1111 0.4444 0.4444"
[1] "0.4444 0.3333 1.2222 0.6667 0.3333 0.4444 1.2222 0.3333 1.2222 1.2222 0.4444 0.0556 0.5556 0.1111 0.0556 0.0278 0 0.5556 0.5556 0.6667 0.6667 1.2222 1.2222 0.6667 0.3333 0.3333 1.2222 0.3333 0.3333 0.3333 0.2222 0.1111 0.4444 1.2222 1.2222 0.5556 0.4444 1.2222 0.4444 0.4444 0.4444 0.6667 1.2222 1.2222 0.3333 0.6667 1.2222 1.2222 0.3333 0.3333"
[1] "0.4444 0.5556 1.5556 0.2222 0.5556 0.4444 1.5556 0.5556 1.5556 1.5556 0.3333 0.0278 0.7778 0 0.0278 0.1111 0 0.1111 0.7778 0.2222 0.5556 1.5556 1.5556 0.2222 0.5556 0.1111 1.5556 0.5556 0.5556 0.5556 0.0556 0.0556 0.7778 1.5556 1.5556 0.4444 0.7778 1.5556 0.7778 0.7778 0.4444 0.2222 1.5556 1.5556 0.5556 0.5556 1.5556 1.5556 0.5556 0.5556"
[1] "0.3333 0.1111 1 0.5556 0.1111 0.3333 1 0.1111 1 1 0.2222 0.0556 0.6667 0.3333 0.0556 0.1389 0 0.2222 0.6667 0.3333 0.2222 1 1 0.5556 0.1111 0.1111 1 0.1111 0.1111 0.1111 0.0556 0.0556 0.2222 1 1 0.2222 0.2222 1 0.2222 0.2222 0.3333 0.5556 1 1 0.1111 0.2222 1 1 0.1111 0.1111"
[1] "0.5556 0.4444 0.8889 0.4444 0.4444 0.5556 0.8889 0.4444 0.8889 0.8889 0 0.0278 0.3333 0.0556 0.0278 0.1111 0.0556 0.5556 0.3333 0.1111 0.2222 0.8889 0.8889 0.4444 0.4444 0.2222 0.8889 0.4444 0.4444 0.4444 0 0.1667 0.4444 0.8889 0.8889 0.2222 0.4444 0.8889 0.4444 0.4444 0.5556 0.4444 0.8889 0.8889 0.4444 0.2222 0.8889 0.8889 0.4444 0.4444"
[1] "0.2222 0.4444 0.5556 0.3333 0.4444 0.2222 0.5556 0.4444 0.5556 0.5556 0.3333 0.0278 0.3333 0.1111 0.0278 0.0833 0.1111 0.2222 0.3333 0.5556 0.5556 0.5556 0.5556 0.3333 0.4444 0.5556 0.5556 0.4444 0.4444 0.4444 0.0556 0.1111 0.4444 0.5556 0.5556 0.4444 0.4444 0.5556 0.4444 0.4444 0.2222 0.3333 0.5556 0.5556 0.4444 0.5556 0.5556 0.5556 0.4444 0.4444"
[1] "0.7778 0.5556 0.6667 0.7778 0.5556 0.7778 0.6667 0.5556 0.6667 0.6667 0.1111 0 0.4444 0.1111 0 0.1389 0.0556 0.5556 0.4444 0.5556 0.1111 0.6667 0.6667 0.7778 0.5556 0.3333 0.6667 0.5556 0.5556 0.5556 0.1667 0 0.3333 0.6667 0.6667 0 0.3333 0.6667 0.3333 0.3333 0.7778 0.7778 0.6667 0.6667 0.5556 0.1111 0.6667 0.6667 0.5556 0.5556"
[1] "0.6667 0.3333 0.5556 0.5556 0.3333 0.6667 0.5556 0.3333 0.5556 0.5556 0.4444 0.0278 0 0.2222 0.0278 0.1389 0 0.6667 0 0.2222 0.6667 0.5556 0.5556 0.5556 0.3333 0.4444 0.5556 0.3333 0.3333 0.3333 0.0556 0.1111 0.5556 0.5556 0.5556 0.2222 0.5556 0.5556 0.5556 0.5556 0.6667 0.5556 0.5556 0.5556 0.3333 0.6667 0.5556 0.5556 0.3333 0.3333"
[1] "0.5556 0.2222 2.4444 0.6667 0.2222 0.5556 2.4444 0.2222 2.4444 2.4444 0.2222 0 0.6667 0.1111 0 0.0278 0.0556 0.4444 0.6667 0.2222 2.4444 2.4444 2.4444 0.6667 0.2222 0.8889 2.4444 0.2222 0.2222 0.2222 0.2222 0 0.4444 2.4444 2.4444 0.4444 0.4444 2.4444 0.4444 0.4444 0.5556 0.6667 2.4444 2.4444 0.2222 2.4444 2.4444 2.4444 0.2222 0.2222"
[1] "0 0 4.3333 1.1111 0 0 4.3333 0 4.3333 4.3333 0 0 0.7778 0.1667 0 0 0 0.2222 0.7778 0.3333 3.2222 4.3333 4.3333 1.1111 0 1 4.3333 0 0 0 0.1111 0.1667 0 4.3333 4.3333 0.6667 0 4.3333 0 0 0 1.1111 4.3333 4.3333 0 3.2222 4.3333 4.3333 0 0"
[1] "0.1111 0 5.8889 0.5556 0 0.1111 5.8889 0 5.8889 5.8889 0.1111 0 0.3333 0 0 0 0 0.2222 0.3333 0.5556 3.5556 5.8889 5.8889 0.5556 0 0.3333 5.8889 0 0 0 0.2222 0.1111 0.4444 5.8889 5.8889 0.7778 0.4444 5.8889 0.4444 0.4444 0.1111 0.5556 5.8889 5.8889 0 3.5556 5.8889 5.8889 0 0"
[1] "0.5556 0.1111 7 0.6667 0.1111 0.5556 7 0.1111 7 7 0.4444 0 0.4444 0 0 0 0 0 0.4444 0 3 7 7 0.6667 0.1111 0.8889 7 0.1111 0.1111 0.1111 0.3889 0.0556 0 7 7 0.5556 0 7 0 0 0.5556 0.6667 7 7 0.1111 3 7 7 0.1111 0.1111"
[1] "0.3333 0.1111 7.4444 0.5556 0.1111 0.3333 7.4444 0.1111 7.4444 7.4444 0 0 0.2222 0 0 0 0 0.1111 0.2222 0.2222 3.5556 7.4444 7.4444 0.5556 0.1111 0.1111 7.4444 0.1111 0.1111 0.1111 0.0556 0.0556 0.6667 7.4444 7.4444 0.3333 0.6667 7.4444 0.6667 0.6667 0.3333 0.5556 7.4444 7.4444 0.1111 3.5556 7.4444 7.4444 0.1111 0.1111"
[1] "0.3333 1.1111 2 1 1.1111 0.3333 2 1.1111 2 2 0.3333 0 0.2222 0 0 0.0556 0 0.4444 0.2222 0.2222 1.2222 2 2 1 1.1111 0.6667 2 1.1111 1.1111 1.1111 0.1667 0.1111 0.6667 2 2 0.8889 0.6667 2 0.6667 0.6667 0.3333 1 2 2 1.1111 1.2222 2 2 1.1111 1.1111"
[1] "0.1111 0.2222 4 0.3333 0.2222 0.1111 4 0.2222 4 4 0 0 0.7778 0.0556 0 0 0 0.1111 0.7778 0.2222 2.4444 4 4 0.3333 0.2222 0.7778 4 0.2222 0.2222 0.2222 0 0.2778 0 4 4 0.3333 0 4 0 0 0.1111 0.3333 4 4 0.2222 2.4444 4 4 0.2222 0.2222"
[1] "0.3333 0.6667 4.2222 0.4444 0.6667 0.3333 4.2222 0.6667 4.2222 4.2222 0 0 0.4444 0 0 0 0.0556 0.2222 0.4444 0 2.2222 4.2222 4.2222 0.4444 0.6667 0.5556 4.2222 0.6667 0.6667 0.6667 0.1667 0.0556 1 4.2222 4.2222 0.7778 1 4.2222 1 1 0.3333 0.4444 4.2222 4.2222 0.6667 2.2222 4.2222 4.2222 0.6667 0.6667"
[1] "0.2222 0.2222 5.3333 0.2222 0.2222 0.2222 5.3333 0.2222 5.3333 5.3333 0.1111 0 0.7778 0 0 0.0278 0 0.1111 0.7778 0.1111 2.2222 5.3333 5.3333 0.2222 0.2222 0.5556 5.3333 0.2222 0.2222 0.2222 0.1667 0.1667 0.4444 5.3333 5.3333 0.8889 0.4444 5.3333 0.4444 0.4444 0.2222 0.2222 5.3333 5.3333 0.2222 2.2222 5.3333 5.3333 0.2222 0.2222"
[1] "0.2222 0 5.1111 0.6667 0 0.2222 5.1111 0 5.1111 5.1111 0.3333 0 0.2222 0 0 0 0 0.2222 0.2222 0.1111 1.8889 5.1111 5.1111 0.6667 0 0.4444 5.1111 0 0 0 0.0556 0.0556 0.5556 5.1111 5.1111 0.7778 0.5556 5.1111 0.5556 0.5556 0.2222 0.6667 5.1111 5.1111 0 1.8889 5.1111 5.1111 0 0"
[1] "0.1111 0.7778 1.4444 0.7778 0.7778 0.1111 1.4444 0.7778 1.4444 1.4444 0 0 1 0.0556 0 0.1111 0 0.6667 1 0.2222 0.3333 1.4444 1.4444 0.7778 0.7778 0 1.4444 0.7778 0.7778 0.7778 0.2222 0 0.3333 1.4444 1.4444 0.2222 0.3333 1.4444 0.3333 0.3333 0.1111 0.7778 1.4444 1.4444 0.7778 0.3333 1.4444 1.4444 0.7778 0.7778"
[1] "0.3333 0.1111 3.5556 0.7778 0.1111 0.3333 3.5556 0.1111 3.5556 3.5556 0.1111 0 1.2222 0.0556 0 0.0833 0 0.3333 1.2222 0.2222 0.8889 3.5556 3.5556 0.7778 0.1111 0.2222 3.5556 0.1111 0.1111 0.1111 0.1667 0.0556 0.6667 3.5556 3.5556 0.4444 0.6667 3.5556 0.6667 0.6667 0.3333 0.7778 3.5556 3.5556 0.1111 0.8889 3.5556 3.5556 0.1111 0.1111"
[1] "0.3333 0.1111 2.7778 0.6667 0.1111 0.3333 2.7778 0.1111 2.7778 2.7778 0.2222 0 0 0.0556 0 0.0833 0.0556 0.2222 0 0.2222 0.5556 2.7778 2.7778 0.6667 0.1111 0.4444 2.7778 0.1111 0.1111 0.1111 0.1667 0.1111 0.5556 2.7778 2.7778 0.6667 0.5556 2.7778 0.5556 0.5556 0.3333 0.6667 2.7778 2.7778 0.1111 0.5556 2.7778 2.7778 0.1111 0.1111"
[1] "0.4444 0.1111 2.8889 0.8889 0.1111 0.4444 2.8889 0.1111 2.8889 2.8889 0.4444 0 0.5556 0.1111 0 0.0278 0 0.1111 0.5556 0 0.5556 2.8889 2.8889 0.8889 0.1111 0.2222 2.8889 0.1111 0.1111 0.1111 0.1667 0.2778 0.7778 2.8889 2.8889 0.3333 0.7778 2.8889 0.7778 0.7778 0.4444 0.8889 2.8889 2.8889 0.1111 0.5556 2.8889 2.8889 0.1111 0.1111"
[1] "0.4444 0.1111 2.6667 0.1111 0.1111 0.4444 2.6667 0.1111 2.6667 2.6667 0.1111 0.0278 0.2222 0.1111 0.0278 0.0833 0 0 0.2222 0 1.2222 2.6667 2.6667 0.1111 0.1111 0.5556 2.6667 0.1111 0.1111 0.1111 0.0556 0.2222 1.1111 2.6667 2.6667 0.7778 1.1111 2.6667 1.1111 1.1111 0.4444 0.1111 2.6667 2.6667 0.1111 1.2222 2.6667 2.6667 0.1111 0.1111"
[1] "0.1111 0.4444 1.2222 0.3333 0.4444 0.1111 1.2222 0.4444 1.2222 1.2222 0.4444 0.0278 0 0 0.0278 0.1111 0 0.5556 0 0.1111 0.2222 1.2222 1.2222 0.3333 0.4444 0.3333 1.2222 0.4444 0.4444 0.4444 0.2778 0.2222 0.4444 1.2222 1.2222 0.6667 0.4444 1.2222 0.4444 0.4444 0.1111 0.3333 1.2222 1.2222 0.4444 0.2222 1.2222 1.2222 0.4444 0.4444"
[1] "0.1111 0.2222 1.8889 0.2222 0.2222 0.1111 1.8889 0.2222 1.8889 1.8889 0.2222 0 0.3333 0.0556 0 0.0833 0 0.7778 0.3333 0.2222 0.2222 1.8889 1.8889 0.2222 0.2222 0.2222 1.8889 0.2222 0.2222 0.2222 0.1111 0.0556 0.6667 1.8889 1.8889 0.4444 0.6667 1.8889 0.6667 0.6667 0.1111 0.2222 1.8889 1.8889 0.2222 0.2222 1.8889 1.8889 0.2222 0.2222"
[1] "0.3333 0.5556 1.5556 0.6667 0.5556 0.3333 1.5556 0.5556 1.5556 1.5556 0.5556 0 0.4444 0.0556 0 0 0 0.1111 0.4444 0.2222 0.5556 1.5556 1.5556 0.6667 0.5556 0.4444 1.5556 0.5556 0.5556 0.5556 0.1111 0.2222 0.6667 1.5556 1.5556 0.1111 0.6667 1.5556 0.6667 0.6667 0.3333 0.6667 1.5556 1.5556 0.5556 0.5556 1.5556 1.5556 0.5556 0.5556"
[1] "0.7778 0.3333 2.1111 0.2222 0.3333 0.7778 2.1111 0.3333 2.1111 2.1111 0.1111 0 0.5556 0 0 0.1111 0 0.1111 0.5556 0.3333 0.1111 2.1111 2.1111 0.2222 0.3333 0.1111 2.1111 0.3333 0.3333 0.3333 0.1667 0.0556 0.3333 2.1111 2.1111 0.4444 0.3333 2.1111 0.3333 0.3333 0.7778 0.2222 2.1111 2.1111 0.3333 0.1111 2.1111 2.1111 0.3333 0.3333"
[1] "0.1111 0.4444 1.6667 0.4444 0.4444 0.1111 1.6667 0.4444 1.6667 1.6667 0.1111 0 0.1111 0.1111 0 0 0 0.3333 0.1111 0.1111 0.5556 1.6667 1.6667 0.4444 0.4444 0.2222 1.6667 0.4444 0.4444 0.4444 0.1111 0.1667 0.8889 1.6667 1.6667 0.2222 0.8889 1.6667 0.8889 0.8889 0.1111 0.4444 1.6667 1.6667 0.4444 0.5556 1.6667 1.6667 0.4444 0.4444"
[1] "0.5556 0.4444 2.3333 0.7778 0.4444 0.5556 2.3333 0.4444 2.3333 2.3333 0 0 0.8889 0.0556 0 0 0.0556 0.6667 0.8889 0.2222 2.6667 2.3333 2.3333 0.7778 0.4444 0.7778 2.3333 0.4444 0.4444 0.4444 0 0.0556 0.2222 2.3333 2.3333 0.4444 0.2222 2.3333 0.2222 0.2222 0.5556 0.7778 2.3333 2.3333 0.4444 2.6667 2.3333 2.3333 0.4444 0.4444"
[1] "0.8889 0.1111 3.7778 1 0.1111 0.8889 3.7778 0.1111 3.7778 3.7778 0.1111 0 0.8889 0 0 0.0278 0 0.6667 0.8889 0 3.2222 3.7778 3.7778 1 0.1111 0.5556 3.7778 0.1111 0.1111 0.1111 0.1667 0 0.7778 3.7778 3.7778 0.3333 0.7778 3.7778 0.7778 0.7778 0.8889 1 3.7778 3.7778 0.1111 3.2222 3.7778 3.7778 0.1111 0.1111"
[1] "0.4444 0 6.4444 1.1111 0 0.4444 6.4444 0 6.4444 6.4444 0.1111 0 0.4444 0 0 0 0 0.1111 0.4444 0 2.8889 6.4444 6.4444 1.1111 0 1.1111 6.4444 0 0 0 0.1111 0.1111 0.3333 6.4444 6.4444 0.2222 0.3333 6.4444 0.3333 0.3333 0.4444 1.1111 6.4444 6.4444 0 2.8889 6.4444 6.4444 0 0"
[1] "0.5556 0.5556 6.8889 0.4444 0.5556 0.5556 6.8889 0.5556 6.8889 6.8889 0.1111 0 0.2222 0 0 0 0 0 0.2222 0.5556 2 6.8889 6.8889 0.4444 0.5556 2.1111 6.8889 0.5556 0.5556 0.5556 0.1111 0 0.2222 6.8889 6.8889 0.2222 0.2222 6.8889 0.2222 0.2222 0.5556 0.4444 6.8889 6.8889 0.5556 2 6.8889 6.8889 0.5556 0.5556"
[1] "0.1111 0.3333 6.1111 1.4444 0.3333 0.1111 6.1111 0.3333 6.1111 6.1111 0.3333 0 1 0 0 0 0 0 1 0 2.8889 6.1111 6.1111 1.4444 0.3333 0.3333 6.1111 0.3333 0.3333 0.3333 0.0556 0 0.1111 6.1111 6.1111 0.2222 0.1111 6.1111 0.1111 0.1111 0.1111 1.4444 6.1111 6.1111 0.3333 2.8889 6.1111 6.1111 0.3333 0.3333"
[1] "0.4444 0.2222 1.8889 0.8889 0.2222 0.4444 1.8889 0.2222 1.8889 1.8889 0.3333 0 0.8889 0.0556 0 0 0 0.5556 0.8889 0.1111 1.1111 1.8889 1.8889 0.8889 0.2222 0.6667 1.8889 0.2222 0.2222 0.2222 0.1667 0 0.4444 1.8889 1.8889 0.5556 0.4444 1.8889 0.4444 0.4444 0.4444 0.8889 1.8889 1.8889 0.2222 1.1111 1.8889 1.8889 0.2222 0.2222"
[1] "0.3333 0.4444 3.5556 1.1111 0.4444 0.3333 3.5556 0.4444 3.5556 3.5556 0.4444 0 0.5556 0 0 0.0556 0.1111 0.7778 0.5556 0.2222 1.2222 3.5556 3.5556 1.1111 0.4444 0.3333 3.5556 0.4444 0.4444 0.4444 0.1111 0.0556 0.1111 3.5556 3.5556 0.4444 0.1111 3.5556 0.1111 0.1111 0.3333 1.1111 3.5556 3.5556 0.4444 1.2222 3.5556 3.5556 0.4444 0.4444"
[1] "0.5556 0.3333 4.8889 0 0.3333 0.5556 4.8889 0.3333 4.8889 4.8889 0.2222 0 0.3333 0 0 0.0556 0 0.5556 0.3333 0.4444 1.1111 4.8889 4.8889 0 0.3333 0.3333 4.8889 0.3333 0.3333 0.3333 0 0.1111 0.5556 4.8889 4.8889 0.4444 0.5556 4.8889 0.5556 0.5556 0.5556 0 4.8889 4.8889 0.3333 1.1111 4.8889 4.8889 0.3333 0.3333"
[1] "0.3333 0.2222 5.6667 0.7778 0.2222 0.3333 5.6667 0.2222 5.6667 5.6667 0.2222 0 0.2222 0 0 0.0833 0.0556 0.1111 0.2222 0.1111 1 5.6667 5.6667 0.7778 0.2222 0.4444 5.6667 0.2222 0.2222 0.2222 0.0556 0.0556 0.2222 5.6667 5.6667 0.7778 0.2222 5.6667 0.2222 0.2222 0.3333 0.7778 5.6667 5.6667 0.2222 1 5.6667 5.6667 0.2222 0.2222"
[1] "0.8889 0.3333 4 0.3333 0.3333 0.8889 4 0.3333 4 4 0.1111 0.0278 0.5556 0.0556 0.0278 0 0 0.3333 0.5556 0.3333 1.2222 4 4 0.3333 0.3333 0.5556 4 0.3333 0.3333 0.3333 0.1667 0 0.5556 4 4 0.2222 0.5556 4 0.5556 0.5556 0.8889 0.3333 4 4 0.3333 1.2222 4 4 0.3333 0.3333"
[1] "0.1111 0.3333 2.2222 0.3333 0.3333 0.1111 2.2222 0.3333 2.2222 2.2222 0.1111 0.0278 0.4444 0.0556 0.0278 0.0833 0 0.3333 0.4444 0.4444 1.1111 2.2222 2.2222 0.3333 0.3333 0.4444 2.2222 0.3333 0.3333 0.3333 0.1111 0 0.3333 2.2222 2.2222 0.2222 0.3333 2.2222 0.3333 0.3333 0.1111 0.3333 2.2222 2.2222 0.3333 1.1111 2.2222 2.2222 0.3333 0.3333"
[1] "0.3333 0.3333 2.2222 0.1111 0.3333 0.3333 2.2222 0.3333 2.2222 2.2222 0.3333 0 0.5556 0.1111 0 0.1111 0.0556 0.5556 0.5556 0.1111 1.1111 2.2222 2.2222 0.1111 0.3333 0.4444 2.2222 0.3333 0.3333 0.3333 0.1667 0.0556 0.4444 2.2222 2.2222 0.7778 0.4444 2.2222 0.4444 0.4444 0.3333 0.1111 2.2222 2.2222 0.3333 1.1111 2.2222 2.2222 0.3333 0.3333"
[1] "0.2222 0.2222 2.7778 0.6667 0.2222 0.2222 2.7778 0.2222 2.7778 2.7778 0.3333 0.0278 0.1111 0.0556 0.0278 0.0556 0 0.2222 0.1111 0.1111 0.5556 2.7778 2.7778 0.6667 0.2222 0.2222 2.7778 0.2222 0.2222 0.2222 0.0556 0.0556 0.5556 2.7778 2.7778 0.3333 0.5556 2.7778 0.5556 0.5556 0.2222 0.6667 2.7778 2.7778 0.2222 0.5556 2.7778 2.7778 0.2222 0.2222"
[1] "0.3333 0.2222 2.5556 0.3333 0.2222 0.3333 2.5556 0.2222 2.5556 2.5556 0.1111 0 1 0.1111 0 0.0833 0 0.4444 1 0.4444 0.7778 2.5556 2.5556 0.3333 0.2222 0.1111 2.5556 0.2222 0.2222 0.2222 0.1667 0.2222 1.2222 2.5556 2.5556 0.4444 1.2222 2.5556 1.2222 1.2222 0.3333 0.3333 2.5556 2.5556 0.2222 0.7778 2.5556 2.5556 0.2222 0.2222"
[1] "0.4444 0.2222 2.7778 1 0.2222 0.4444 2.7778 0.2222 2.7778 2.7778 0.1111 0 0.2222 0.0556 0 0.0278 0 0.3333 0.2222 0 1.1111 2.7778 2.7778 1 0.2222 0.3333 2.7778 0.2222 0.2222 0.2222 0.1111 0 0.6667 2.7778 2.7778 0.5556 0.6667 2.7778 0.6667 0.6667 0.4444 1 2.7778 2.7778 0.2222 1.1111 2.7778 2.7778 0.2222 0.2222"
[1] "0.3333 0.2222 1 0.3333 0.2222 0.3333 1 0.2222 1 1 0.2222 0 0.2222 0.1111 0 0.0833 0 1.1111 0.2222 0.2222 0.2222 1 1 0.3333 0.2222 0.2222 1 0.2222 0.2222 0.2222 0.1667 0.1667 0.3333 1 1 0 0.3333 1 0.3333 0.3333 0.3333 0.3333 1 1 0.2222 0.2222 1 1 0.2222 0.2222"
[1] "0.5556 0.6667 1.4444 0.7778 0.6667 0.5556 1.4444 0.6667 1.4444 1.4444 0 0 1.1111 0.0556 0 0.0833 0 0.6667 1.1111 0.3333 0.7778 1.4444 1.4444 0.7778 0.6667 0.2222 1.4444 0.6667 0.6667 0.6667 0.2222 0.1111 0.4444 1.4444 1.4444 0.4444 0.4444 1.4444 0.4444 0.4444 0.5556 0.7778 1.4444 1.4444 0.6667 0.7778 1.4444 1.4444 0.6667 0.6667"
[1] "0.2222 0.3333 1.3333 0.3333 0.3333 0.2222 1.3333 0.3333 1.3333 1.3333 0.2222 0 0.3333 0 0 0.1111 0 0.7778 0.3333 0.2222 0.2222 1.3333 1.3333 0.3333 0.3333 0.2222 1.3333 0.3333 0.3333 0.3333 0 0.1667 0.5556 1.3333 1.3333 0.7778 0.5556 1.3333 0.5556 0.5556 0.2222 0.3333 1.3333 1.3333 0.3333 0.2222 1.3333 1.3333 0.3333 0.3333"
[1] "0.4444 0.1111 1.6667 0.1111 0.1111 0.4444 1.6667 0.1111 1.6667 1.6667 0.4444 0.0278 0.5556 0.1667 0.0278 0 0 0.2222 0.5556 0.1111 0.1111 1.6667 1.6667 0.1111 0.1111 0.2222 1.6667 0.1111 0.1111 0.1111 0.1111 0.1111 0.4444 1.6667 1.6667 0.2222 0.4444 1.6667 0.4444 0.4444 0.4444 0.1111 1.6667 1.6667 0.1111 0.1111 1.6667 1.6667 0.1111 0.1111"
[1] "0.1111 0.3333 1.4444 0 0.3333 0.1111 1.4444 0.3333 1.4444 1.4444 0 0.0556 0.5556 0.1111 0.0556 0.1389 0 0.3333 0.5556 0.1111 0.6667 1.4444 1.4444 0 0.3333 0.4444 1.4444 0.3333 0.3333 0.3333 0.1667 0.2778 0.4444 1.4444 1.4444 0.4444 0.4444 1.4444 0.4444 0.4444 0.1111 0 1.4444 1.4444 0.3333 0.6667 1.4444 1.4444 0.3333 0.3333"
[1] "0.6667 0.3333 1.5556 1.1111 0.3333 0.6667 1.5556 0.3333 1.5556 1.5556 0.1111 0.0278 0.8889 0.0556 0.0278 0.0278 0 0.6667 0.8889 0.2222 1.7778 1.5556 1.5556 1.1111 0.3333 1.3333 1.5556 0.3333 0.3333 0.3333 0.0556 0.0556 0.1111 1.5556 1.5556 0.2222 0.1111 1.5556 0.1111 0.1111 0.6667 1.1111 1.5556 1.5556 0.3333 1.7778 1.5556 1.5556 0.3333 0.3333"
[1] "0.6667 0 4.3333 0.7778 0 0.6667 4.3333 0 4.3333 4.3333 0 0 1.5556 0 0 0 0.0556 0.1111 1.5556 0 1.5556 4.3333 4.3333 0.7778 0 0.8889 4.3333 0 0 0 0 0 0.2222 4.3333 4.3333 0.1111 0.2222 4.3333 0.2222 0.2222 0.6667 0.7778 4.3333 4.3333 0 1.5556 4.3333 4.3333 0 0"
[1] "0.6667 0.3333 4.2222 1.5556 0.3333 0.6667 4.2222 0.3333 4.2222 4.2222 0.1111 0 1.4444 0 0 0.0833 0.0556 0.1111 1.4444 0.4444 2.3333 4.2222 4.2222 1.5556 0.3333 0.7778 4.2222 0.3333 0.3333 0.3333 0 0.1667 0 4.2222 4.2222 0.1111 0 4.2222 0 0 0.6667 1.5556 4.2222 4.2222 0.3333 2.3333 4.2222 4.2222 0.3333 0.3333"
[1] "0.7778 0.4444 4.7778 1.5556 0.4444 0.7778 4.7778 0.4444 4.7778 4.7778 0.1111 0 1 0.0556 0 0 0 0.2222 1 0.3333 1.6667 4.7778 4.7778 1.5556 0.4444 0.6667 4.7778 0.4444 0.4444 0.4444 0.1111 0 0 4.7778 4.7778 0.3333 0 4.7778 0 0 0.7778 1.5556 4.7778 4.7778 0.4444 1.6667 4.7778 4.7778 0.4444 0.4444"
[1] "0.5556 0.7778 4 1.1111 0.7778 0.5556 4 0.7778 4 4 0.3333 0 1.2222 0 0 0.0278 0 0.1111 1.2222 0.6667 1.8889 4 4 1.1111 0.7778 0.5556 4 0.7778 0.7778 0.7778 0.1111 0 0.2222 4 4 0.1111 0.2222 4 0.2222 0.2222 0.5556 1.1111 4 4 0.7778 1.8889 4 4 0.7778 0.7778"
[1] "0.7778 0.5556 2.1111 1 0.5556 0.7778 2.1111 0.5556 2.1111 2.1111 0.6667 0.0278 0.8889 0.1111 0.0278 0.0556 0 0.3333 0.8889 0.2222 1.1111 2.1111 2.1111 1 0.5556 0.5556 2.1111 0.5556 0.5556 0.5556 0.1111 0 0.5556 2.1111 2.1111 0.5556 0.5556 2.1111 0.5556 0.5556 0.7778 1 2.1111 2.1111 0.5556 1.1111 2.1111 2.1111 0.5556 0.5556"
[1] "0.1111 0.5556 3.3333 1.1111 0.5556 0.1111 3.3333 0.5556 3.3333 3.3333 0.1111 0 0.5556 0 0 0 0 0.4444 0.5556 0.4444 2 3.3333 3.3333 1.1111 0.5556 1 3.3333 0.5556 0.5556 0.5556 0.2778 0.0556 0.3333 3.3333 3.3333 0.6667 0.3333 3.3333 0.3333 0.3333 0.1111 1.1111 3.3333 3.3333 0.5556 2 3.3333 3.3333 0.5556 0.5556"
[1] "0.3333 0.6667 4.5556 0.7778 0.6667 0.3333 4.5556 0.6667 4.5556 4.5556 0.1111 0.0278 0.3333 0 0.0278 0 0 0 0.3333 0.2222 1.1111 4.5556 4.5556 0.7778 0.6667 1.1111 4.5556 0.6667 0.6667 0.6667 0.0556 0 0.3333 4.5556 4.5556 0.5556 0.3333 4.5556 0.3333 0.3333 0.3333 0.7778 4.5556 4.5556 0.6667 1.1111 4.5556 4.5556 0.6667 0.6667"
[1] "0.4444 0.4444 3.8889 1 0.4444 0.4444 3.8889 0.4444 3.8889 3.8889 0 0.0556 0.4444 0 0.0556 0.0278 0 0.4444 0.4444 0.5556 0.6667 3.8889 3.8889 1 0.4444 0.6667 3.8889 0.4444 0.4444 0.4444 0 0.2222 0.2222 3.8889 3.8889 0.1111 0.2222 3.8889 0.2222 0.2222 0.4444 1 3.8889 3.8889 0.4444 0.6667 3.8889 3.8889 0.4444 0.4444"
[1] "0.5556 0.7778 3.7778 1.4444 0.7778 0.5556 3.7778 0.7778 3.7778 3.7778 0 0 0.8889 0 0 0 0.1111 0.3333 0.8889 0.5556 1.2222 3.7778 3.7778 1.4444 0.7778 1 3.7778 0.7778 0.7778 0.7778 0 0.0556 0.3333 3.7778 3.7778 0.5556 0.3333 3.7778 0.3333 0.3333 0.5556 1.4444 3.7778 3.7778 0.7778 1.2222 3.7778 3.7778 0.7778 0.7778"
[1] "0.5556 0.4444 0.7778 0.5556 0.4444 0.5556 0.7778 0.4444 0.7778 0.7778 0.2222 0.0278 0.4444 0 0.0278 0.0556 0.0556 0.7778 0.4444 0.3333 0.6667 0.7778 0.7778 0.5556 0.4444 0.3333 0.7778 0.4444 0.4444 0.4444 0.0556 0.1111 0.3333 0.7778 0.7778 0.2222 0.3333 0.7778 0.3333 0.3333 0.5556 0.5556 0.7778 0.7778 0.4444 0.6667 0.7778 0.7778 0.4444 0.4444"
[1] "0.6667 0.1111 2.2222 1 0.1111 0.6667 2.2222 0.1111 2.2222 2.2222 0.2222 0 1.1111 0.0556 0 0.0278 0 0.8889 1.1111 0.2222 0.7778 2.2222 2.2222 1 0.1111 0.3333 2.2222 0.1111 0.1111 0.1111 0.1111 0.0556 0.4444 2.2222 2.2222 0.3333 0.4444 2.2222 0.4444 0.4444 0.6667 1 2.2222 2.2222 0.1111 0.7778 2.2222 2.2222 0.1111 0.1111"
[1] "0.1111 0.2222 2.1111 0.8889 0.2222 0.1111 2.1111 0.2222 2.1111 2.1111 0.1111 0.0278 0.4444 0 0.0278 0.0833 0 0.5556 0.4444 0.1111 0.3333 2.1111 2.1111 0.8889 0.2222 0.3333 2.1111 0.2222 0.2222 0.2222 0.1111 0.0556 0.6667 2.1111 2.1111 0.5556 0.6667 2.1111 0.6667 0.6667 0.1111 0.8889 2.1111 2.1111 0.2222 0.3333 2.1111 2.1111 0.2222 0.2222"
[1] "0.2222 0.4444 2.5556 0.4444 0.4444 0.2222 2.5556 0.4444 2.5556 2.5556 0.3333 0 0.5556 0.1111 0 0.0833 0 0.2222 0.5556 0.4444 0.4444 2.5556 2.5556 0.4444 0.4444 0.3333 2.5556 0.4444 0.4444 0.4444 0.3333 0.1667 0.7778 2.5556 2.5556 0.3333 0.7778 2.5556 0.7778 0.7778 0.2222 0.4444 2.5556 2.5556 0.4444 0.4444 2.5556 2.5556 0.4444 0.4444"
[1] "0.2222 0.4444 2.4444 1 0.4444 0.2222 2.4444 0.4444 2.4444 2.4444 0.3333 0 0.3333 0.1111 0 0.0278 0 0.3333 0.3333 0.3333 0.5556 2.4444 2.4444 1 0.4444 0.4444 2.4444 0.4444 0.4444 0.4444 0.1111 0.1111 0.2222 2.4444 2.4444 0.1111 0.2222 2.4444 0.2222 0.2222 0.2222 1 2.4444 2.4444 0.4444 0.5556 2.4444 2.4444 0.4444 0.4444"
[1] "0.1111 0.3333 1.7778 0.6667 0.3333 0.1111 1.7778 0.3333 1.7778 1.7778 0.1111 0 0.5556 0 0 0 0 0.6667 0.5556 0.1111 0.4444 1.7778 1.7778 0.6667 0.3333 0.3333 1.7778 0.3333 0.3333 0.3333 0.1667 0.1667 0.2222 1.7778 1.7778 0.2222 0.2222 1.7778 0.2222 0.2222 0.1111 0.6667 1.7778 1.7778 0.3333 0.4444 1.7778 1.7778 0.3333 0.3333"
[1] "0.3333 0.3333 1 0.1111 0.3333 0.3333 1 0.3333 1 1 0.1111 0.0833 0.4444 0 0.0833 0.0833 0 0.8889 0.4444 0.3333 0.5556 1 1 0.1111 0.3333 0.2222 1 0.3333 0.3333 0.3333 0.1667 0.1667 0 1 1 0.4444 0 1 0 0 0.3333 0.1111 1 1 0.3333 0.5556 1 1 0.3333 0.3333"
[1] "0.3333 0.2222 2 0.4444 0.2222 0.3333 2 0.2222 2 2 0.1111 0 0.6667 0 0 0.0278 0 0.4444 0.6667 0.2222 0.3333 2 2 0.4444 0.2222 0.2222 2 0.2222 0.2222 0.2222 0.0556 0.2778 0.3333 2 2 0.2222 0.3333 2 0.3333 0.3333 0.3333 0.4444 2 2 0.2222 0.3333 2 2 0.2222 0.2222"
[1] "0 0.4444 2 0.2222 0.4444 0 2 0.4444 2 2 0.4444 0 0.1111 0 0 0.1111 0 0.5556 0.1111 0.2222 0.6667 2 2 0.2222 0.4444 0.1111 2 0.4444 0.4444 0.4444 0.1111 0.4444 0.3333 2 2 0.3333 0.3333 2 0.3333 0.3333 0 0.2222 2 2 0.4444 0.6667 2 2 0.4444 0.4444"
[1] "0.3333 0.3333 1.5556 0.2222 0.3333 0.3333 1.5556 0.3333 1.5556 1.5556 0.3333 0 0.3333 0.0556 0 0.0833 0 0.4444 0.3333 0.2222 0.4444 1.5556 1.5556 0.2222 0.3333 0 1.5556 0.3333 0.3333 0.3333 0.1111 0.1111 0.8889 1.5556 1.5556 0.5556 0.8889 1.5556 0.8889 0.8889 0.3333 0.2222 1.5556 1.5556 0.3333 0.4444 1.5556 1.5556 0.3333 0.3333"
[1] "0.5556 0.3333 1.5556 0.7778 0.3333 0.5556 1.5556 0.3333 1.5556 1.5556 0.1111 0 0.6667 0.1667 0 0.1667 0.0556 0.5556 0.6667 0.1111 0.7778 1.5556 1.5556 0.7778 0.3333 0.4444 1.5556 0.3333 0.3333 0.3333 0.0556 0.1111 0.4444 1.5556 1.5556 0.3333 0.4444 1.5556 0.4444 0.4444 0.5556 0.7778 1.5556 1.5556 0.3333 0.7778 1.5556 1.5556 0.3333 0.3333"
[1] "0.4444 0.2222 1.8889 1.3333 0.2222 0.4444 1.8889 0.2222 1.8889 1.8889 0.2222 0 0.6667 0.2222 0 0.0833 0.0556 0.5556 0.6667 0.1111 0.5556 1.8889 1.8889 1.3333 0.2222 0.8889 1.8889 0.2222 0.2222 0.2222 0.2222 0 0.3333 1.8889 1.8889 0.1111 0.3333 1.8889 0.3333 0.3333 0.4444 1.3333 1.8889 1.8889 0.2222 0.5556 1.8889 1.8889 0.2222 0.2222"
[1] "0.2222 0.5556 3.1111 1.1111 0.5556 0.2222 3.1111 0.5556 3.1111 3.1111 0.2222 0 0.4444 0.0556 0 0.0278 0 0 0.4444 0.7778 1.2222 3.1111 3.1111 1.1111 0.5556 0.5556 3.1111 0.5556 0.5556 0.5556 0.2778 0.1667 0.2222 3.1111 3.1111 0.3333 0.2222 3.1111 0.2222 0.2222 0.2222 1.1111 3.1111 3.1111 0.5556 1.2222 3.1111 3.1111 0.5556 0.5556"
[1] "0.3333 1 3.4444 1.3333 1 0.3333 3.4444 1 3.4444 3.4444 0.2222 0 0.5556 0 0 0.0556 0.0556 0 0.5556 0.6667 1 3.4444 3.4444 1.3333 1 0.3333 3.4444 1 1 1 0.2778 0 0 3.4444 3.4444 0.2222 0 3.4444 0 0 0.3333 1.3333 3.4444 3.4444 1 1 3.4444 3.4444 1 1"
[1] "0.3333 0.4444 3.6667 0.8889 0.4444 0.3333 3.6667 0.4444 3.6667 3.6667 0.1111 0 0.4444 0 0 0.0278 0.1667 0.2222 0.4444 0.7778 0.6667 3.6667 3.6667 0.8889 0.4444 0.4444 3.6667 0.4444 0.4444 0.4444 0.2222 0 0.4444 3.6667 3.6667 0.6667 0.4444 3.6667 0.4444 0.4444 0.3333 0.8889 3.6667 3.6667 0.4444 0.6667 3.6667 3.6667 0.4444 0.4444"
[1] "0.5556 0.3333 1.7778 0.8889 0.3333 0.5556 1.7778 0.3333 1.7778 1.7778 0.1111 0.0278 0.2222 0.0556 0.0278 0.0556 0 0 0.2222 0.4444 0.5556 1.7778 1.7778 0.8889 0.3333 1 1.7778 0.3333 0.3333 0.3333 0 0.2778 0.2222 1.7778 1.7778 0.2222 0.2222 1.7778 0.2222 0.2222 0.5556 0.8889 1.7778 1.7778 0.3333 0.5556 1.7778 1.7778 0.3333 0.3333"
[1] "0.1111 1.1111 2.2222 0.7778 1.1111 0.1111 2.2222 1.1111 2.2222 2.2222 0.1111 0.0278 0.6667 0.0556 0.0278 0.0556 0.0556 0.3333 0.6667 0.4444 0.7778 2.2222 2.2222 0.7778 1.1111 0.2222 2.2222 1.1111 1.1111 1.1111 0.1111 0 0.3333 2.2222 2.2222 0.1111 0.3333 2.2222 0.3333 0.3333 0.1111 0.7778 2.2222 2.2222 1.1111 0.7778 2.2222 2.2222 1.1111 1.1111"
[1] "0.4444 0.6667 2.8889 1 0.6667 0.4444 2.8889 0.6667 2.8889 2.8889 0 0 1 0 0 0.1111 0.0556 0.1111 1 0.3333 0.8889 2.8889 2.8889 1 0.6667 1 2.8889 0.6667 0.6667 0.6667 0.0556 0.1111 0.1111 2.8889 2.8889 0.7778 0.1111 2.8889 0.1111 0.1111 0.4444 1 2.8889 2.8889 0.6667 0.8889 2.8889 2.8889 0.6667 0.6667"
[1] "0.2222 1.2222 3.4444 1.8889 1.2222 0.2222 3.4444 1.2222 3.4444 3.4444 0.1111 0.0278 0.7778 0 0.0278 0.0278 0.1111 0.1111 0.7778 0.4444 0.5556 3.4444 3.4444 1.8889 1.2222 0.3333 3.4444 1.2222 1.2222 1.2222 0.2222 0 0.3333 3.4444 3.4444 1.2222 0.3333 3.4444 0.3333 0.3333 0.2222 1.8889 3.4444 3.4444 1.2222 0.5556 3.4444 3.4444 1.2222 1.2222"
[1] "0.2222 0.4444 3.1111 0.5556 0.4444 0.2222 3.1111 0.4444 3.1111 3.1111 0.2222 0.0278 0.8889 0 0.0278 0.0278 0 0.6667 0.8889 0.2222 0.7778 3.1111 3.1111 0.5556 0.4444 1 3.1111 0.4444 0.4444 0.4444 0.2778 0.1111 0.1111 3.1111 3.1111 0.2222 0.1111 3.1111 0.1111 0.1111 0.2222 0.5556 3.1111 3.1111 0.4444 0.7778 3.1111 3.1111 0.4444 0.4444"
[1] "0 0.3333 1 1 0.3333 0 1 0.3333 1 1 0.2222 0.0556 0.6667 0.1667 0.0556 0.0556 0.0556 0.7778 0.6667 0 1.1111 1 1 1 0.3333 0.7778 1 0.3333 0.3333 0.3333 0.1111 0.1667 0.2222 1 1 0.4444 0.2222 1 0.2222 0.2222 0 1 1 1 0.3333 1.1111 1 1 0.3333 0.3333"
[1] "0 0.4444 2.3333 0.7778 0.4444 0 2.3333 0.4444 2.3333 2.3333 0.1111 0.0278 0.8889 0.0556 0.0278 0.0833 0.0556 0.3333 0.8889 0.1111 0.3333 2.3333 2.3333 0.7778 0.4444 0.2222 2.3333 0.4444 0.4444 0.4444 0.1111 0.0556 0.3333 2.3333 2.3333 0.4444 0.3333 2.3333 0.3333 0.3333 0 0.7778 2.3333 2.3333 0.4444 0.3333 2.3333 2.3333 0.4444 0.4444"
[1] "0.4444 0.4444 3 1.5556 0.4444 0.4444 3 0.4444 3 3 0.4444 0.0278 0.3333 0 0.0278 0.0833 0.1111 0.3333 0.3333 0.1111 0.3333 3 3 1.5556 0.4444 0.3333 3 0.4444 0.4444 0.4444 0.0556 0 0.1111 3 3 0.3333 0.1111 3 0.1111 0.1111 0.4444 1.5556 3 3 0.4444 0.3333 3 3 0.4444 0.4444"
[1] "0.4444 0.3333 1.7778 1.5556 0.3333 0.4444 1.7778 0.3333 1.7778 1.7778 0.2222 0 0.5556 0.0556 0 0.0556 0 0.2222 0.5556 0.8889 0.8889 1.7778 1.7778 1.5556 0.3333 0.1111 1.7778 0.3333 0.3333 0.3333 0.1667 0 0.3333 1.7778 1.7778 0.1111 0.3333 1.7778 0.3333 0.3333 0.4444 1.5556 1.7778 1.7778 0.3333 0.8889 1.7778 1.7778 0.3333 0.3333"
[1] "0.4444 0.4444 2.1111 0.6667 0.4444 0.4444 2.1111 0.4444 2.1111 2.1111 0.1111 0 0.3333 0 0 0.1667 0 0.4444 0.3333 1.1111 0.8889 2.1111 2.1111 0.6667 0.4444 0.7778 2.1111 0.4444 0.4444 0.4444 0.2222 0.0556 0.4444 2.1111 2.1111 0.3333 0.4444 2.1111 0.4444 0.4444 0.4444 0.6667 2.1111 2.1111 0.4444 0.8889 2.1111 2.1111 0.4444 0.4444"
[1] "0.3333 0.3333 0.8889 0.4444 0.3333 0.3333 0.8889 0.3333 0.8889 0.8889 0 0 1 0.0556 0 0.1389 0 0.2222 1 0.3333 0.3333 0.8889 0.8889 0.4444 0.3333 0.3333 0.8889 0.3333 0.3333 0.3333 0.2222 0.0556 0.5556 0.8889 0.8889 0.3333 0.5556 0.8889 0.5556 0.5556 0.3333 0.4444 0.8889 0.8889 0.3333 0.3333 0.8889 0.8889 0.3333 0.3333"
[1] "0.1111 0.4444 1.4444 0.5556 0.4444 0.1111 1.4444 0.4444 1.4444 1.4444 0.1111 0.0833 0.2222 0.2222 0.0833 0.0556 0 0.4444 0.2222 0.4444 0.6667 1.4444 1.4444 0.5556 0.4444 0.1111 1.4444 0.4444 0.4444 0.4444 0 0.2222 0.2222 1.4444 1.4444 0.5556 0.2222 1.4444 0.2222 0.2222 0.1111 0.5556 1.4444 1.4444 0.4444 0.6667 1.4444 1.4444 0.4444 0.4444"
[1] "0.4444 0.1111 1 0.4444 0.1111 0.4444 1 0.1111 1 1 0.3333 0.0833 0.6667 0.0556 0.0833 0.0278 0.0556 0.3333 0.6667 0.3333 0.1111 1 1 0.4444 0.1111 0.2222 1 0.1111 0.1111 0.1111 0.1111 0.1111 0.7778 1 1 0.4444 0.7778 1 0.7778 0.7778 0.4444 0.4444 1 1 0.1111 0.1111 1 1 0.1111 0.1111"
[1] "0.4444 0.8889 0.7778 0.6667 0.8889 0.4444 0.7778 0.8889 0.7778 0.7778 0.1111 0.0556 0.5556 0.0556 0.0556 0.1111 0 1 0.5556 0.8889 0.2222 0.7778 0.7778 0.6667 0.8889 0.4444 0.7778 0.8889 0.8889 0.8889 0.1667 0.0556 0.5556 0.7778 0.7778 0.6667 0.5556 0.7778 0.5556 0.5556 0.4444 0.6667 0.7778 0.7778 0.8889 0.2222 0.7778 0.7778 0.8889 0.8889"
[1] "0.2222 0.6667 1.3333 0.3333 0.6667 0.2222 1.3333 0.6667 1.3333 1.3333 0 0.0833 0.3333 0.1667 0.0833 0.0833 0.0556 0.8889 0.3333 0.2222 0.3333 1.3333 1.3333 0.3333 0.6667 0 1.3333 0.6667 0.6667 0.6667 0.2222 0 0.3333 1.3333 1.3333 0.6667 0.3333 1.3333 0.3333 0.3333 0.2222 0.3333 1.3333 1.3333 0.6667 0.3333 1.3333 1.3333 0.6667 0.6667"
[1] "0.3333 0.7778 1.2222 0.7778 0.7778 0.3333 1.2222 0.7778 1.2222 1.2222 0 0.0278 0.4444 0.1111 0.0278 0.0556 0.1111 0.6667 0.4444 0.1111 0.3333 1.2222 1.2222 0.7778 0.7778 0.1111 1.2222 0.7778 0.7778 0.7778 0.1667 0.0556 0.2222 1.2222 1.2222 0.1111 0.2222 1.2222 0.2222 0.2222 0.3333 0.7778 1.2222 1.2222 0.7778 0.3333 1.2222 1.2222 0.7778 0.7778"
[1] "0.3333 0.4444 1.5556 1.4444 0.4444 0.3333 1.5556 0.4444 1.5556 1.5556 0.3333 0.0556 1 0 0.0556 0.1389 0.0556 0.5556 1 0 0.2222 1.5556 1.5556 1.4444 0.4444 0.2222 1.5556 0.4444 0.4444 0.4444 0.1111 0.1111 0.5556 1.5556 1.5556 0.1111 0.5556 1.5556 0.5556 0.5556 0.3333 1.4444 1.5556 1.5556 0.4444 0.2222 1.5556 1.5556 0.4444 0.4444"
[1] "0.6667 0.3333 1.4444 0.8889 0.3333 0.6667 1.4444 0.3333 1.4444 1.4444 0.1111 0.0278 1 0.0556 0.0278 0.1111 0.2222 0.1111 1 0.1111 0.4444 1.4444 1.4444 0.8889 0.3333 0.2222 1.4444 0.3333 0.3333 0.3333 0.2222 0.1111 0.4444 1.4444 1.4444 0.4444 0.4444 1.4444 0.4444 0.4444 0.6667 0.8889 1.4444 1.4444 0.3333 0.4444 1.4444 1.4444 0.3333 0.3333"
[1] "0.1111 0.2222 1.8889 0.8889 0.2222 0.1111 1.8889 0.2222 1.8889 1.8889 0.1111 0 0.8889 0.1111 0 0.0556 0.1111 0.3333 0.8889 0.5556 0.6667 1.8889 1.8889 0.8889 0.2222 0.3333 1.8889 0.2222 0.2222 0.2222 0.1111 0.2222 0.2222 1.8889 1.8889 0.4444 0.2222 1.8889 0.2222 0.2222 0.1111 0.8889 1.8889 1.8889 0.2222 0.6667 1.8889 1.8889 0.2222 0.2222"
[1] "0.5556 0.3333 1.7778 0.7778 0.3333 0.5556 1.7778 0.3333 1.7778 1.7778 0.3333 0.0278 0.5556 0 0.0278 0.0278 0.2222 0.3333 0.5556 0.1111 0.8889 1.7778 1.7778 0.7778 0.3333 0.2222 1.7778 0.3333 0.3333 0.3333 0.1111 0 0.2222 1.7778 1.7778 0.2222 0.2222 1.7778 0.2222 0.2222 0.5556 0.7778 1.7778 1.7778 0.3333 0.8889 1.7778 1.7778 0.3333 0.3333"
[1] "0.6667 0.3333 1 1 0.3333 0.6667 1 0.3333 1 1 0.1111 0.0833 0.1111 0.0556 0.0833 0.1667 0.1667 0.1111 0.1111 0.2222 0.5556 1 1 1 0.3333 0.2222 1 0.3333 0.3333 0.3333 0.1111 0 0.4444 1 1 0.5556 0.4444 1 0.4444 0.4444 0.6667 1 1 1 0.3333 0.5556 1 1 0.3333 0.3333"
[1] "0.5556 0.5556 1 0.6667 0.5556 0.5556 1 0.5556 1 1 0.2222 0.0556 0.7778 0.0556 0.0556 0.0556 0.1111 0.5556 0.7778 0.3333 0.8889 1 1 0.6667 0.5556 0.2222 1 0.5556 0.5556 0.5556 0.1111 0.0556 0.3333 1 1 0 0.3333 1 0.3333 0.3333 0.5556 0.6667 1 1 0.5556 0.8889 1 1 0.5556 0.5556"
[1] "0.4444 0.4444 1.4444 1.1111 0.4444 0.4444 1.4444 0.4444 1.4444 1.4444 0.1111 0 0.4444 0 0 0.1389 0.1111 0.2222 0.4444 0.6667 0.4444 1.4444 1.4444 1.1111 0.4444 0.1111 1.4444 0.4444 0.4444 0.4444 0.1667 0 0.5556 1.4444 1.4444 0.3333 0.5556 1.4444 0.5556 0.5556 0.4444 1.1111 1.4444 1.4444 0.4444 0.4444 1.4444 1.4444 0.4444 0.4444"
[1] "0.5556 1.1111 0.8889 0.6667 1.1111 0.5556 0.8889 1.1111 0.8889 0.8889 0.1111 0.0833 0.3333 0.1111 0.0833 0.2222 0.1667 0.6667 0.3333 0.6667 0.2222 0.8889 0.8889 0.6667 1.1111 0.4444 0.8889 1.1111 1.1111 1.1111 0.1111 0 0.1111 0.8889 0.8889 0.2222 0.1111 0.8889 0.1111 0.1111 0.5556 0.6667 0.8889 0.8889 1.1111 0.2222 0.8889 0.8889 1.1111 1.1111"
[1] "0.2222 0.2222 1.2222 1.2222 0.2222 0.2222 1.2222 0.2222 1.2222 1.2222 0.2222 0 0.5556 0.1667 0 0.0833 0.0556 0.4444 0.5556 0.6667 1.1111 1.2222 1.2222 1.2222 0.2222 0.3333 1.2222 0.2222 0.2222 0.2222 0.0556 0.0556 0.4444 1.2222 1.2222 0.2222 0.4444 1.2222 0.4444 0.4444 0.2222 1.2222 1.2222 1.2222 0.2222 1.1111 1.2222 1.2222 0.2222 0.2222"
[1] "0.7778 1 0.7778 0.7778 1 0.7778 0.7778 1 0.7778 0.7778 0.1111 0.0833 0.7778 0.0556 0.0833 0.1111 0 1.1111 0.7778 0.5556 0.5556 0.7778 0.7778 0.7778 1 0.4444 0.7778 1 1 1 0.2778 0 0.4444 0.7778 0.7778 0.1111 0.4444 0.7778 0.4444 0.4444 0.7778 0.7778 0.7778 0.7778 1 0.5556 0.7778 0.7778 1 1"
[1] "0.3333 0.3333 1.4444 0.3333 0.3333 0.3333 1.4444 0.3333 1.4444 1.4444 0.2222 0 0.6667 0.0556 0 0.1389 0.0556 0.3333 0.6667 0.4444 0.7778 1.4444 1.4444 0.3333 0.3333 0.2222 1.4444 0.3333 0.3333 0.3333 0.2222 0 0.2222 1.4444 1.4444 0.2222 0.2222 1.4444 0.2222 0.2222 0.3333 0.3333 1.4444 1.4444 0.3333 0.7778 1.4444 1.4444 0.3333 0.3333"
[1] "0.4444 1 1.5556 0.5556 1 0.4444 1.5556 1 1.5556 1.5556 0.2222 0.1111 0.7778 0.0556 0.1111 0.1389 0.0556 0.5556 0.7778 0.7778 0.3333 1.5556 1.5556 0.5556 1 0.4444 1.5556 1 1 1 0.0556 0 0.2222 1.5556 1.5556 0.4444 0.2222 1.5556 0.2222 0.2222 0.4444 0.5556 1.5556 1.5556 1 0.3333 1.5556 1.5556 1 1"
[1] "0.4444 0.6667 0.8889 0.6667 0.6667 0.4444 0.8889 0.6667 0.8889 0.8889 0 0.0833 0.6667 0.0556 0.0833 0.0833 0.1111 0.2222 0.6667 0.2222 0.6667 0.8889 0.8889 0.6667 0.6667 0.3333 0.8889 0.6667 0.6667 0.6667 0.0556 0.0556 0.5556 0.8889 0.8889 0.3333 0.5556 0.8889 0.5556 0.5556 0.4444 0.6667 0.8889 0.8889 0.6667 0.6667 0.8889 0.8889 0.6667 0.6667"
[1] "0.4444 0.2222 1.5556 1.1111 0.2222 0.4444 1.5556 0.2222 1.5556 1.5556 0.3333 0.0278 0.2222 0.0556 0.0278 0.1389 0.1667 0.2222 0.2222 0.2222 0.1111 1.5556 1.5556 1.1111 0.2222 0.2222 1.5556 0.2222 0.2222 0.2222 0.3333 0 0.5556 1.5556 1.5556 0.1111 0.5556 1.5556 0.5556 0.5556 0.4444 1.1111 1.5556 1.5556 0.2222 0.1111 1.5556 1.5556 0.2222 0.2222"
[1] "0.3333 0.5556 0.8889 0.6667 0.5556 0.3333 0.8889 0.5556 0.8889 0.8889 0.2222 0 0.6667 0 0 0.1944 0 0.5556 0.6667 0.2222 0.3333 0.8889 0.8889 0.6667 0.5556 0.3333 0.8889 0.5556 0.5556 0.5556 0.0556 0.1111 0.5556 0.8889 0.8889 0.3333 0.5556 0.8889 0.5556 0.5556 0.3333 0.6667 0.8889 0.8889 0.5556 0.3333 0.8889 0.8889 0.5556 0.5556"
[1] "0.2222 0.6667 1 0.8889 0.6667 0.2222 1 0.6667 1 1 0.2222 0.0278 0.4444 0 0.0278 0.0833 0.0556 0.3333 0.4444 0.4444 0.3333 1 1 0.8889 0.6667 0.2222 1 0.6667 0.6667 0.6667 0.2222 0 0.4444 1 1 0.7778 0.4444 1 0.4444 0.4444 0.2222 0.8889 1 1 0.6667 0.3333 1 1 0.6667 0.6667"
[1] "1.1111 0.4444 1.1111 0.2222 0.4444 1.1111 1.1111 0.4444 1.1111 1.1111 0.2222 0.0556 0.4444 0 0.0556 0.0278 0.0556 0.4444 0.4444 0.3333 0.1111 1.1111 1.1111 0.2222 0.4444 0.1111 1.1111 0.4444 0.4444 0.4444 0.2222 0.1111 0.5556 1.1111 1.1111 0.4444 0.5556 1.1111 0.5556 0.5556 1.1111 0.2222 1.1111 1.1111 0.4444 0.1111 1.1111 1.1111 0.4444 0.4444"
[1] "0.3333 0.5556 1 0.5556 0.5556 0.3333 1 0.5556 1 1 0.2222 0.0278 0.5556 0.0556 0.0278 0.0556 0.1111 0.4444 0.5556 0.1111 0.6667 1 1 0.5556 0.5556 0.6667 1 0.5556 0.5556 0.5556 0.0556 0.1111 0.7778 1 1 0.6667 0.7778 1 0.7778 0.7778 0.3333 0.5556 1 1 0.5556 0.6667 1 1 0.5556 0.5556"
[1] "0.6667 0.6667 2 0.4444 0.6667 0.6667 2 0.6667 2 2 0 0.0278 0.5556 0 0.0278 0.1111 0.1111 0.6667 0.5556 0.7778 0.1111 2 2 0.4444 0.6667 0.6667 2 0.6667 0.6667 0.6667 0.0556 0 0.3333 2 2 0.1111 0.3333 2 0.3333 0.3333 0.6667 0.4444 2 2 0.6667 0.1111 2 2 0.6667 0.6667"
